透明な壁

1172.6 24.5 -901.5
0.0 213.5 0.0
0.3 0.3 1.0

1442.1 11.4 -953.4
0.0 170.5 0.0
0.4 0.3 1.0

1118.4 10.8 -595.5
0.0 285.2 0.0
0.5 0.3 1.0

1730.3 -11.7 -756.5
0.0 120.7 0.0
0.4 0.3 1.0

1760.9 -8.7 -539.5
0.0 83.4 0.0
0.3 0.3 1.0

1264.0 -62.7 -286.2
0.0 -44.5 0.0
0.3 0.4 1.0

1473.2 -40.6 431.5
0.0 281.1 0.0
1.3 0.4 1.0

1942.0 3.3 244.0
0.0 466.8 0.0
1.3 0.3 1.0

2136.0 3.3 1290.9
0.0 449.6 0.0
0.8 0.3 1.0

1954.2 3.3 1856.7
0.0 399.8 0.0
0.5 0.3 1.0

864.1 3.3 2177.8
0.0 -33.1 0.0
0.2 0.3 1.0

1366.5 3.3 2122.7
0.0 374.0 0.0
0.9 0.3 1.0

1514.7 3.3 1349.9
0.0 -123.1 0.0
0.4 0.3 1.0

1603.0 26.1 1133.9
0.0 272.5 0.0
0.2 0.3 1.0

733.5 1.1 1530.9
0.0 175.6 0.0
1.0 0.3 1.0

1312.4 1.1 1527.3
0.0 199.7 0.0
0.2 0.3 1.0

80.7 -627.8 1439.3
0.0 486.9 0.0
0.2 1.0 1.0

-679.4 -41.7 2447.6
0.0 345.9 0.0
0.8 0.4 1.0

218.7 -42.0 1512.8
0.0 191.1 0.0
0.2 0.4 1.0

253.4 -51.7 2330.0
0.0 21.4 0.0
1.2 0.4 1.0

-1136.4 -41.7 2131.0
0.0 308.4 0.0
0.7 0.4 1.0

-1317.9 -41.7 1625.7
0.0 262.3 0.0
0.5 0.4 1.0

-945.4 -41.7 1220.4
0.0 206.7 0.0
0.8 0.4 1.0

-582.8 -41.7 983.1
0.0 247.9 0.0
0.2 0.4 1.0

-595.0 -41.7 670.9
0.0 278.9 0.0
0.5 0.4 1.0

-751.6 -42.6 167.1
0.0 294.7 0.0
0.6 0.4 1.0

-976.1 -7.3 -132.3
0.0 336.6 0.0
0.2 0.4 1.0

-1404.9 -8.6 -140.7
0.0 6.4 0.0
0.7 0.4 1.0

-2033.2 8.4 -426.3
0.0 311.4 0.0
0.9 0.4 1.0

-2367.5 8.4 -1190.8
0.0 275.9 0.0
0.9 0.4 1.0

-2389.3 8.4 -1814.4
0.0 263.3 0.0
0.4 0.4 1.0

-1962.9 8.4 -2224.5
0.0 208.9 0.0
0.9 0.4 1.0

-1175.3 8.4 -2454.1
0.0 180.6 0.0
0.8 0.4 1.0

-653.9 11.5 -2327.8
0.0 136.7 0.0
0.4 0.4 1.0

-270.2 8.4 -2240.8
0.0 189.4 0.0
0.5 0.4 1.0

165.5 8.3 -2438.0
0.0 218.6 0.0
0.5 0.4 1.0

611.0 8.3 -2622.0
0.0 185.4 0.0
0.5 0.4 1.0

1073.5 8.3 -2486.8
0.0 143.0 0.0
0.6 0.4 1.0

1229.7 8.3 -2077.6
0.0 76.3 0.0
0.5 0.4 1.0

933.2 4.5 -1735.5
0.0 20.4 0.0
0.5 0.4 1.0

481.5 -6.7 -1759.6
0.0 335.7 0.0
0.5 0.4 1.0

8.5 -6.7 -1844.4
0.0 4.3 0.0
0.5 0.4 1.0

-347.1 -13.0 -1616.2
0.0 59.3 0.0
0.5 0.4 1.0

-398.6 8.4 -887.1
0.0 97.7 0.0
1.1 0.4 1.0

-76.1 8.4 54.8
0.0 120.6 0.0
1.0 0.4 1.0

103.8 8.3 908.4
0.0 81.1 0.0
1.0 0.4 1.0

的の位置

SETTARGET
POS

-697.111511
10.000000
-1578.592163
ROT

0.000000
3.109186
0.000000
MOVE

3.099999
WIDTH

150.000000
ENDTARGET

SETTARGET
POS

-485.268433
10.000000
-1092.077881
ROT

0.000000
3.099004
0.000000
MOVE

2.000000
WIDTH

150.000000
ENDTARGET

SETTARGET
POS

-1356.363403
10.000000
-822.896484
ROT

0.000000
3.169002
0.000000
MOVE

2.000000
WIDTH

100.000000
ENDTARGET

SETTARGET
POS

-1979.281494
10.000000
-1969.278931
ROT

0.000000
3.169002
0.000000
MOVE

2.500000
WIDTH

120.000000
ENDTARGET

SETTARGET
POS

-2086.083984
10.000000
-1460.677734
ROT

0.000000
3.230593
0.000000
MOVE

3.099999
WIDTH

400.000000
ENDTARGET

SETTARGET
POS

-2263.466553
10.000000
-29.970566
ROT

0.000000
4.738194
0.000000
MOVE

1.509999
WIDTH

200.000000
ENDTARGET

SETTARGET
POS

-1874.686768
10.000000
247.978912
ROT

0.000000
4.857399
0.000000
MOVE

2.049999
WIDTH

300.000000
ENDTARGET

SETTARGET
POS

-27.862207
10.000000
-136.284973
ROT

0.000000
1.589180
0.000000
MOVE

2.039999
WIDTH

200.000000
ENDTARGET

SETTARGET
POS

172.085190
10.000000
-528.919739
ROT

0.000000
1.589181
0.000000
MOVE

3.019998
WIDTH

400.000000
ENDTARGET

SETTARGET
POS

-1089.402466
10.000000
22.758387
ROT

0.000000
3.219184
0.000000
MOVE

2.009999
WIDTH

430.000000
ENDTARGET

ENDTARGETSET
