1
-1266.0 -593.8 1733.8
0.0 359.2 0.0
1.0 1.0 1.0
0
-2062.3 -33.8 -1914.9
0.0 184.9 0.0
1.0 1.0 1.0
2
1052.5 -1023.8 2613.2
0.0 327.1 0.0
1.0 1.0 1.0
3
-1925.0 -33.8 -297.7
0.0 357.4 0.0
1.0 1.0 1.0
3
-112.9 -593.8 1474.1
0.0 89.6 0.0
1.0 1.0 1.0
3
2230.0 -868.8 898.5
0.0 181.9 0.0
1.0 1.0 1.0
3
-273.6 -32.4 -1328.4
0.0 89.0 0.0
1.0 1.0 1.0
6
-2906.4 -33.8 -613.4
0.0 284.8 0.0
1.0 1.0 1.0
5
-2714.8 -20.3 -1643.3
0.0 237.9 0.0
1.0 1.0 1.0
4
-2050.7 -33.8 -2383.6
0.0 223.0 0.0
1.0 1.0 1.0
7
-712.2 -33.7 -2679.1
0.0 186.7 0.0
1.0 1.0 1.0
5
-2859.1 -593.8 623.5
0.0 224.1 0.0
1.0 1.0 1.0
4
-593.6 -593.8 3154.5
0.0 24.5 0.0
1.0 1.0 1.0
6
2773.8 -868.8 1798.7
0.0 38.3 0.0
1.0 1.0 1.0
7
3098.0 -868.8 1424.0
0.0 35.5 0.0
1.0 1.0 1.0
7
522.2 -1602.2 396.6
0.0 310.0 0.0
1.0 1.0 1.0
6
3008.7 -1873.8 337.7
0.0 47.5 0.0
1.0 1.0 1.0
7
-299.7 899.5 166.2
0.0 27.4 0.0
1.0 1.0 1.0
7
2282.6 -853.2 2777.4
0.0 356.6 0.0
1.0 1.0 1.0
